-4.95 0
-4.85 0
-4.75 0
-4.65 0
-4.55 0
-4.45 0
-4.35 0
-4.25 0
-4.15 0
-4.05 0
-3.95 0
-3.85 0
-3.75 0
-3.65 1
-3.55 0
-3.45 1
-3.35 2
-3.25 3
-3.15 4
-3.05 6
-2.95 1
-2.85 7
-2.75 15
-2.65 8
-2.55 18
-2.45 22
-2.35 20
-2.25 40
-2.15 36
-2.05 41
-1.95 68
-1.85 75
-1.75 92
-1.65 117
-1.55 130
-1.45 118
-1.35 151
-1.25 185
-1.15 192
-1.05 205
-0.95 297
-0.85 280
-0.75 302
-0.65 330
-0.55 314
-0.45 362
-0.35 388
-0.25 366
-0.15 403
-0.05 388
0.05 423
0.15 367
0.25 416
0.35 389
0.45 358
0.55 338
0.65 329
0.75 296
0.85 294
0.95 283
1.05 236
1.15 208
1.25 171
1.35 153
1.45 129
1.55 116
1.65 91
1.75 65
1.85 81
1.95 52
2.05 41
2.15 33
2.25 31
2.35 18
2.45 23
2.55 23
2.65 14
2.75 8
2.85 9
2.95 6
3.05 2
3.15 2
3.25 1
3.35 3
3.45 0
3.55 1
3.65 0
3.75 2
3.85 0
3.95 0
4.05 0
4.15 0
4.25 0
4.35 0
4.45 0
4.55 0
4.65 0
4.75 0
4.85 0
4.95 0
